0: 2(0.05) 19(0.87) 
1: 5(0.46) 6(0.75) 
2: 0(0.05) 6(0.90) 
3: 13(0.07) 19(0.09) 11(0.48) 
4: 15(0.10) 
5: 12(0.07) 1(0.46) 
6: 1(0.75) 2(0.90) 
7: 13(0.19) 14(0.70) 
8: vazio
9: 17(0.39) 
10: 19(0.79) 
11: 3(0.48) 
12: 5(0.07) 17(0.53) 
13: 18(0.03) 3(0.07) 7(0.19) 17(0.87) 
14: 16(0.63) 7(0.70) 
15: 4(0.10) 17(0.55) 
16: 14(0.63) 
17: 9(0.39) 12(0.53) 15(0.55) 13(0.87) 
18: 13(0.03) 
19: 3(0.09) 10(0.79) 0(0.87) 

Bombs: 5 1 18 14 10 6 9 2 
1 1 1 1 1 1 1 1 0 1 1 1 1 1 1 1 1 1 1 1 
0: 16(0.18) 19(0.61) 7(0.96) 
1: vazio
2: 12(0.19) 13(0.75) 
3: 4(0.39) 13(0.76) 
4: 3(0.39) 
5: 18(0.13) 17(0.55) 
6: vazio
7: 17(0.54) 15(0.91) 0(0.96) 
8: 19(0.60) 10(0.72) 
9: vazio
10: 8(0.72) 
11: vazio
12: 2(0.19) 18(0.61) 
13: 16(0.32) 2(0.75) 3(0.76) 
14: 17(0.11) 19(0.77) 
15: 7(0.91) 
16: 0(0.18) 13(0.32) 17(0.91) 
17: 19(0.07) 14(0.11) 7(0.54) 5(0.55) 16(0.91) 
18: 19(0.10) 5(0.13) 12(0.61) 
19: 17(0.07) 18(0.10) 8(0.60) 0(0.61) 14(0.77) 

Bombs: 19 18 14 5 1 9 3 4 
1 1 1 1 1 1 0 1 1 1 1 0 1 1 1 1 1 1 1 1 
0: 6(0.66) 
1: 13(0.01) 15(0.41) 3(0.78) 2(0.84) 
2: 10(0.60) 5(0.67) 1(0.84) 17(0.99) 
3: 1(0.78) 
4: 18(0.93) 
5: 2(0.67) 15(0.69) 
6: 15(0.28) 10(0.48) 0(0.66) 13(0.89) 
7: 12(0.46) 
8: 14(0.19) 
9: 11(0.98) 
10: 6(0.48) 2(0.60) 
11: 13(0.81) 15(0.96) 9(0.98) 
12: 14(0.18) 7(0.46) 
13: 1(0.01) 11(0.81) 6(0.89) 
14: 12(0.18) 8(0.19) 
15: 18(0.12) 6(0.28) 1(0.41) 5(0.69) 11(0.96) 
16: vazio
17: 2(0.99) 
18: 15(0.12) 4(0.93) 
19: vazio

Bombs: 18 0 3 8 15 19 2 12 
1 1 1 1 1 1 1 1 1 1 1 1 1 1 1 1 0 1 1 1 
0: 13(0.80) 
1: vazio
2: 19(0.50) 
3: vazio
4: 10(0.01) 14(0.44) 13(0.74) 
5: 7(0.89) 
6: 17(0.21) 9(0.37) 14(0.97) 
7: 5(0.89) 
8: 15(0.59) 
9: 15(0.08) 11(0.26) 6(0.37) 18(0.79) 
10: 4(0.01) 19(0.23) 14(0.40) 
11: 9(0.26) 19(0.51) 16(0.89) 
12: vazio
13: 16(0.36) 17(0.38) 18(0.44) 15(0.54) 4(0.74) 0(0.80) 
14: 10(0.40) 4(0.44) 6(0.97) 
15: 9(0.08) 13(0.54) 8(0.59) 16(0.70) 
16: 13(0.36) 15(0.70) 11(0.89) 
17: 6(0.21) 13(0.38) 
18: 13(0.44) 9(0.79) 
19: 10(0.23) 2(0.50) 11(0.51) 

Bombs: 18 13 11 14 10 1 6 8 
1 1 1 0 1 0 1 0 1 1 1 1 0 1 1 1 1 1 1 1 
0: 10(0.09) 
1: 2(0.02) 5(0.42) 10(0.75) 
2: 1(0.02) 5(0.47) 
3: 7(0.31) 6(0.78) 
4: 11(0.33) 16(0.63) 
5: 1(0.42) 2(0.47) 12(0.99) 
6: 13(0.27) 3(0.78) 
7: 3(0.31) 
8: 10(0.92) 
9: vazio
10: 0(0.09) 1(0.75) 8(0.92) 
11: 13(0.20) 4(0.33) 16(0.44) 
12: 5(0.99) 
13: 18(0.05) 11(0.20) 6(0.27) 
14: 16(0.11) 
15: vazio
16: 14(0.11) 11(0.44) 4(0.63) 
17: vazio
18: 13(0.05) 
19: vazio

Bombs: 15 13 8 17 2 1 18 14 
1 1 1 1 1 1 1 1 1 0 1 1 1 1 1 1 1 1 1 0 
0: 12(0.14) 6(0.25) 16(0.85) 
1: 13(0.26) 17(0.81) 
2: vazio
3: 14(0.82) 
4: vazio
5: 15(0.17) 17(0.72) 
6: 0(0.25) 13(0.92) 
7: vazio
8: vazio
9: 10(0.72) 15(0.97) 
10: 18(0.56) 9(0.72) 
11: 18(0.09) 16(0.84) 
12: 0(0.14) 
13: 1(0.26) 6(0.92) 
14: 3(0.82) 
15: 5(0.17) 9(0.97) 
16: 11(0.84) 0(0.85) 
17: 5(0.72) 1(0.81) 
18: 11(0.09) 10(0.56) 
19: vazio

Bombs: 14 11 5 18 4 17 13 3 
1 1 0 1 1 1 1 0 0 1 1 1 1 1 1 1 1 1 1 0 
0: 10(0.02) 6(0.10) 14(0.16) 12(0.45) 
1: 16(0.83) 
2: vazio
3: 19(0.62) 
4: 12(0.05) 5(0.35) 8(1.00) 
5: 7(0.34) 4(0.35) 
6: 0(0.10) 13(0.59) 
7: 5(0.34) 14(0.39) 
8: 10(0.07) 12(0.65) 13(0.75) 9(0.89) 4(1.00) 
9: 8(0.89) 
10: 0(0.02) 8(0.07) 15(0.24) 
11: 16(0.21) 13(0.76) 
12: 4(0.05) 19(0.29) 0(0.45) 8(0.65) 
13: 6(0.59) 15(0.71) 8(0.75) 11(0.76) 
14: 0(0.16) 7(0.39) 
15: 10(0.24) 13(0.71) 
16: 11(0.21) 19(0.75) 1(0.83) 
17: vazio
18: vazio
19: 12(0.29) 3(0.62) 16(0.75) 

Bombs: 17 3 19 4 11 12 10 5 
1 1 0 1 1 1 1 1 1 1 1 1 1 1 1 1 1 1 0 1 
0: 19(0.20) 12(0.41) 15(0.95) 
1: 12(0.33) 18(0.53) 
2: 14(0.10) 
3: 16(0.18) 
4: 10(0.59) 19(0.96) 
5: 19(0.48) 
6: vazio
7: vazio
8: 9(0.76) 
9: 8(0.76) 
10: 4(0.59) 13(0.60) 18(0.83) 
11: 12(0.27) 
12: 11(0.27) 1(0.33) 0(0.41) 14(0.72) 13(0.77) 
13: 10(0.60) 12(0.77) 
14: 2(0.10) 12(0.72) 
15: 0(0.95) 
16: 3(0.18) 
17: vazio
18: 1(0.53) 10(0.83) 
19: 0(0.20) 5(0.48) 4(0.96) 

Bombs: 8 13 9 17 7 4 18 19 
1 1 1 0 1 1 0 1 1 1 1 1 1 1 1 1 0 1 1 1 
0: 6(0.56) 
1: 4(0.78) 3(0.99) 
2: 8(0.05) 15(0.28) 
3: 8(0.49) 1(0.99) 
4: 15(0.04) 1(0.78) 
5: 6(0.05) 19(0.60) 
6: 5(0.05) 12(0.11) 0(0.56) 
7: 9(0.59) 
8: 2(0.05) 17(0.44) 3(0.49) 14(0.63) 
9: 7(0.59) 18(0.83) 
10: vazio
11: 16(0.83) 
12: 6(0.11) 
13: 19(0.42) 
14: 8(0.63) 
15: 4(0.04) 2(0.28) 
16: 11(0.83) 
17: 8(0.44) 
18: 9(0.83) 
19: 13(0.42) 5(0.60) 

Bombs: 9 11 7 0 12 2 3 14 
1 1 1 1 1 1 1 1 1 1 0 1 1 1 1 1 1 1 1 1 
0: 19(0.69) 17(0.77) 16(0.94) 
1: vazio
2: vazio
3: vazio
4: 19(0.25) 17(0.26) 18(0.60) 
5: 6(0.57) 14(0.70) 
6: 13(0.20) 5(0.57) 14(0.69) 
7: vazio
8: vazio
9: vazio
10: 14(0.30) 
11: 18(0.02) 
12: 18(0.18) 15(0.97) 
13: 6(0.20) 15(0.73) 
14: 10(0.30) 19(0.32) 6(0.69) 5(0.70) 17(0.74) 
15: 13(0.73) 16(0.84) 12(0.97) 
16: 15(0.84) 0(0.94) 
17: 4(0.26) 14(0.74) 0(0.77) 
18: 11(0.02) 12(0.18) 4(0.60) 
19: 4(0.25) 14(0.32) 0(0.69) 

Bombs: 11 19 2 1 15 8 4 14 
1 1 1 0 1 1 1 0 1 0 1 1 1 1 1 1 1 1 1 1 
